rrr 1011111011. cmlii

1001011111111,1,1110 promr- 101· 111,1,11 010101011111111111110 111, 1,
11111 ’111 11,1,0 10 ’1111011111 lacedemoniorum 010
1ςή 11111,1,1 11,1,11 auxili· 11111 10111111 1-
1101 ab 11110ὼοῖ0101 111, 1, 1 10-
111101 nomos 1 Pyrrho 1111,1,11
Τ. Tarquinii Turcorurrr 000011 11111110·
1011 10110111 11,1, 11
11111111οΜ 11,10,11. 111, 0,0 100111101110101101011 111 11111, 1,1
Tabularum 10011111001111111,1,1 Τ11101(01111111111) 11,1,1
110111 tubul- 111, 1,1 ’111111111 11110101 1111,1. 1
’1110111 (11 aliqu· 11 (010 urbi! 11111111) Taum· Aria morrr 11,1, 1. 1111110
11111,1,1 110111. Turre (1101 111, utinm) 1,1,11
'mire 111, 1, 11. 11,1, 1. 11111,1,0 heinr.
111110(010111111)11111,1,01·’1111111. 1111011111111 1111,1,11
1111101111111111011010101111,1,1 Τ101011010100111111111101101111111·
’11111111 (010 111111, 1111110) 1,10, 10101 11111,1,1
10. 111,1,1. 111,1,1. 11111, 1. 1111, Tectum 11,1,1 1111111111 munimento
1,1. 11111,1,1 11110111. 1111111, 1, 11. 11,1,0 1111110 (0010010101ῑί 11111 1111,
11111111 111101 moror 1111,0,11 1,11 tetrorum 1011111 1,1, 11
11111111οὼ 11,1,1 voluptatum 000111- Tegere 01111111 0011111011(οω 01101·
ntia 1,1,Ιο 1011110111ρι 1111, 1, 0. 1111) 111,1,1 110111. 11110110 111, 1,0
1111,1,111101110111111Ρ111111 11111 Te ii, 10, 11
’111101 111,11,1 Τ 110011111101111 1111,1,1
’1111101110ομ 01110110011 11111, 1, Telum 11 11 1111111111,0,1110110
11 rodjam consumendi 1111111 101101 111111,1,11110 1110110 1111ωο111111·
1111 ’ ’ iii, 1, 10 gere 11, 1, 1 1111111 1110 confirm 111,
101111011101101 1111,1,1 11,1 01001111 11101101 111,1.1
Τ 1111,1,1.11,11,1.111111,1,1 Temere 11,8,11. 1,1, 1. 111, 1, 11.
111111010ὶο1 1,1,1 1111, 1,1
11101111111101111 10110101111100111 Temeritas 1111,1,11. 111,1, 10 11-
00111111 levitati· (10111101 Demetrius Ni· 0111111111111110111010111 1111,1, 11
11101 1111111,1,1 1111011110111110(0101001111111001)11,
Tamdiu 11,1, 1. 11,1,10. 11,1, 1. M 11110111. temperunenrrrm 0011 100
ιι111111111111111 xii. 1, 11 εξῶμὲῗῗωνὲἓαῖυέσὶιί 1111111ο
Tutus Scythia 111 1, 1,0 tur 1111, 0,1
1101111111,1.11.111,0,10.11111,1, ’111001111111 Hannibalis 111111, 10
11. 1,10,11 ’1111011111 hospitum jocor 111,1,1
Tum 111111 Uibu· Gemi· 81ῑῖ. 110 1101011111 inter 11111110 11111101 11
1,1 00101110 hortium 11.1,1 temperare 00-
11000101 11,1,1. 111,1,1 tum 11011 111,11,0
’11111 1111111 1, 1, 11. xxiv, 8, 10 Temperatur (de regione) 11, 1, 10
11011 11111 remur 1,1, 1 110111 mola 11, 11ωο1111111 11101 1111, 1,1 1100111111
l, 11 vira 11, 1,1. 1111,1,1 0011 erolum 1111111,1,0
mii, 1,1110110111101001(010 10111111 1110011111 (010 11100011) 11,1,10.
1,1,1 1101011 bellorum (pro 101111111 111,1, 1. 11,1,1. 11, 1, 1. 11, 1, 11
11, 1, 11 rantum 1111001011 (010 110101 (111111111101 Cu. 1111,1. 1111011111).
11110101)1111,1,11 Vorrt. 11011111 1111· 1111011111ωο 111,0,11 (111 110111 ,
gem 111, 1,111 0, 10) 11110111. tempato-victorin 1111,
’11010 primii, 1, 11 11110 10011111ιί111 1,1
0011111, 10, 11 1011101001110011 11,0,1 Τ1010111111(1101111,000011101)111111
11010111,0,0.1,10,1.1111,1,0.1,1,1 1,1 11111011.
‘radim 11, 11, 0 Templum Delphicum 11, 11,1 (01111
Turia· 111,1,10. 111,1, 10. xlii, 11111 in 1).)1111101011111 0011οΡ01111·
1,1 1110111101 11, 1, 10 3011111100 11,1, 11 nmmum 1191 ⁸
1111010111 0100011111 1 Partheniis 111, 1111011 AEgypfiomrn rr 01101011 (111011
1, 11 i, 1,1 1110011111 quari 11111110101111101
Tarentini 1111111 Brundisium 01101101 11, M 1110011 111101 111111 111111

 

