11 10011101. 10111

101011 11, 1, 2 0010110101 1111, M wuffitlbumnlomn 11,1,2 1011οι111
enixu· 1111111010100110 vill, 1,1 domus ulieuju· 0100111100 11111,- M
wem 111, 11,-1 01001100 1111,1,1 01110111111111110111001111,1,900110·,
010111 vim. 1. 111,1,1 (1001001110 1101100101 millu ·
1111,1,1 Vom- Ρ11010011101111 1011, 2, 2 0111101 101·
Pulla (111101.) 11, 1, 1. 11, 1, 8 111, 11101 111111,ι.1 Dii pneuma 0110111111
⁹· xl, 1,1 ultore· 1, 2,1 0101100010οὼ11010011
ι11011111001101101011111111001,1,2 01· 1,1,1 111001101011110 mvl, 2, 11
11111111... 0,»... l, 1, 111101Ἒ1111111111111
1201111 01110 grande 11111, 1,1 01 1111, 2, 2. 1111, 8,1. 1111111, l, 1.
m? 01111011 collisione (11111111 1101 1111111, 1,1 0010101111 1101110 vlle 100
” 11,12,8011100(1011111111,2,1 111001,1,1 0111101101Ιὶ00 1111,2,1
, 1011110101. 111,1,8.11111, 1, 11. 011011111υά01 111,1,8
1111,1,1. 111111,1,1 111101111ίί, 1,2 Petl aliquem 1011011101(1100 011, 111-
0111οΙ00 1111001101 111, 2, 1. 11111, 1111011111ιο 01111) 11, 1, 1..11,1,1
8, 1 parvulum recolligere xxiii, 1, 8 11101011. 0111 01111 bellum 1,1, 10 0111
011101111,7,110001101011110(1101 aliquos 11110111, 1,1 eliqua 1101100
101, ab 1100011111)111,1,111 Preineh. 11,1,10 0011001010101111110110 11,8,1
0011011 liberi 1111, 1, 1 parvulorum 0111 valetudinem majorem 1111,2,11
.10111011111011101,1, 11 0110111110 01110111 0111Ιί0 01100101 xrisma bellum
11,12,1 11111000 xviii, 2,2 0110101001οω
-Ρ11100 0100011000011111 1111101001 ex· 111111, 1, ’1111111101 11111, 2, 12 0111
0101110 1, 8, 11 011101 00010100 1, 8, 1001111011011111. 111111, M 0101110100
11 0111101010 111,1,11. 1111, 2, 2. 111,1,1 0111000111011101111011 11111,
111,1,2 001110οπ0ωο01101101111100 1,1 - κ
11101001 viai, 1, 1 0111011 1101101010 Ρ1111010 suffigi 111,2,1 pnn'bulo
1111, 1,1 01110 defungi 11, 1,8 pm 01111100 Bomilcar Poenomm 1111 1111,
11100 111, 1,1 1, fl
Ρο10010001010111110011100(010 11011ι 111011010111111 1,1,1 v.1⁰.⁸
contulere) 1,1,1 10101. mladot- 111Ρ111001110110001010 1101101111 quo·
110110111011 11,2,1 que 01001111101101111, 1,.11 mgna
1>qu 011100010111111111110111, 011110111001010011000 10 1, 1112 ·
1,11 11101111110110110 Ρο0100 0110111111 lv,
Palm 11,’8,1. ’1,11,1. 111111. 2,1 011100111 11111111 1111111,οιον
xlv, 1, 1. 1111,1,8. 11111, 1,4 berle 111111,1, 2
Pauus: 0001 mille 0100110 1111111011 Ρ1111110011111 1111108
10100 000001 11, 1, 11 muln 0111110 010· Ρ11111 non 11111111 1101001, 101010 01
nuum 00110101 11, 11,1 {nume 1111111· 1011 vila 01100010111111,1,11 patrie
11011 01101010 111,1,11 00101011,1,1 0111111001 0111 (10111101
Ρ101011,1,111 01010101 Aboriginum 11111, ll, 1 0111111011 0011010 quoqne
1111111,6,11010101010100 10011,1,1 011100010110010001111101011111,1, ll
11111111111111. 11111111Ἓ11111111111ω
01101 11, ml 1111011110 Ι 1111110’1011011(11110,1.1ᾳο1111 comple?
Palen μο00100010101801111011· 101 11100 saluimum 11, 1,1 011110
mm 11101100 1111, 1,1 1110010111οο 010000001111111111011 01 011001110-
Β111001011111,1,1Βο011111101001 111 01111 11, 11, ll 0011111 jun 1100 11110110
111, 11, 7 1111110110 Palm· 1111,1,1 101111110101011111 1001 preponuntur
0111110 111111011010 010 0101111011 nd 1111,1,1 dejure 0011110 nihil 1100111
sepultum redimit 010100 11, 11, 12 11011111,1,1 011111Ρο111111000111110
11111111111111111· μίζὶ.111Ἥ11111’1“1’“’“
Ῥ11010(01001100110·0100001101010 Ρ1111100111010 (010 opibus: 110011111-
0110)11,1,21 (11111 011101 lad. 11011). 101)111,1,1 01111100πί10 001111 <hoe
010110010 1111,1,11 010 extendi 11, 011,,Ρ,,Μ101)111,1,81101001. 01-
M· xlii, 2, ll Pleiade 01101 mullum 1110100110 0111111101(ουοά 1111111100
Stylble 10 1000110110001111111101110010 privatus 11111011) 11, 111,1 0111. 01111.
lida 01101 1111 11, lm 01111 1101111 1000111 00011018001110 11, 1, 1 01111-
111101- 11 Ver. 0100. 111. lul. 1

 

