111 1881111111. lxiii

1888181188ώώ 1818118881 11111,8,8
818(1188111,,888111.188188811181118·1818811Μῶ8188188188111,11818·
888)8181.1811811811818188118881811“1,1181888 118881811πί811 118-
1, 18 8811111888] 11818811188118 11,,1 8 Asia

11118111 8188818818 silentio 1111, 8, 8 1818888188 88811811, 8, 1 Punicum

1818811818 ο81881881811811888ι 811888 81 8888188881 8881181 condiderunt 11, 8,
1111,1,18181881818188181181888118881 88881188111811188118181, 18
118,8,18811811811181188818,118118111818181118 1881881 1181118818 1811188 11, 8, 8
181888888181118818818111, 1, 8 1811881·81.1111811181188811,8,8 1188811881(818
81811111“1ι,18,8. 1111,8,1.1811, 8,1 18888)11,11,11(118811818811818881’811
818. 81111, 8, 7 1888888888111,1,88).1.18881181818188·

18881181811811888 1111, 1, 1 11111 (181 881, justiti· 18 imperio 81181-

1811888188 88181818 18188818181181- 18888)111,8,8 1818818881 8888811818
11118 188188881188 thumim 88888· (108 881,11188188181818 188118)’ 11,8, 8
8118111,1,18 1818111.Ι 18888888111881818181, 1, 71111·

188111811118111,18,1 · 8818811888181118. 1188811818 1188181818

11888188 11111188 88181888 81188 11111,11888181,8,188181811881818,1118.“11888·
ι ι 11818 1881188 8118118181,1,1 18188111 81·

impatientius 881818 111,18,8. 11111, 8188881818188181888111 8,1,8 8818-
8, 8 8118ιὶ88888 mviii, 7 8 18188118 88·
ι 18888181181881181811,11,111818·8811818111,1,8881111111’81888818
811181818188188118888118181111, 11 8188888181, 8,8 impe· 8·188888811111

Im 11818888811818818 811811 18 88818888111Η81188868Μ8ι11881818118-
ΕΚ88188118881888188188118Η8818 8811811,1,1111118111

8181111818 811111111188111118· 11
8881888811818818181811118118118818181· Ῑι88811818111,,1 7
ι8111188181181188 ,1181818888 1,1,111818188188118111181818 1811811188 111,
881111 Attamen 8818811188 8811181818 8,811888181888188181111118881811818111
1188188111 1111, 8188818818 1818 11,8, 8118881811, 8, 18 8881818818 1188118181-
1118881888 81188818 18881188 81881818 tum 8881188188 quum 818181 1111, 8, 1
1·’”’ ‘mm '²⁸' ''’⁰ 1111111111811 ’1111

· 8 81

1888888881111118(188881, 1811188888) 18μιι8881881881881811811111, 1, 18
1111,1,881818811.1111881818888881888 818181181818111,8,7181818181881-
111111118111110 8111818 81118188 8181118888· 1811111111 111111π1ι81 'uilffldggneein
8818888888188111,7,8 18181118818881111881188181881111Λ,

1818811181ἱηὶ 88 18888888181118118 81881818881888111111111,8
18118188811111118881· 11, 1, 8 inpage 1188118818 881818 81188888 11111, 1,
8181818818 8811188881 811 811888 88181818, 8 impliciti duobus 181118 111, 8, 11
8, 8 18188888 818811888118188181181818 1818181818 881818881181118811111, 8, 8
811, 11, 1 888111 8881818118 111188, 8 1881818188

Impense 1118181188 8818181881 81818· contra-1 818 11,8,11111818181111 88
81811111,8, 18 188888188818188188 111, 81188188 8811118181111, 8, 8 impiorum·
8 7 18 8111111881 11111, 8, 1 1881818181188·

Imperare 88188 (188 881, 818 imperio 1188111111111, 17
881818)1111, 8, 18181881. 88818188818,1188888181111181811111,8,1818881111-
1, 8 188888181888818888818111888· 18118888888118,181188811118181888·
8811181181, m . ponendi 18111 1,8, 11 presidium 881·

Ιηρ8181811181888881111,8,1 818888 1811811, 8,8 regnum 118888881888111-
’181111111188811 11 18811111811181
opulentior xliv, 8, 8 imperatorumque 818188118ῃί1 11111, 8, 18 11888881οῶ881
finilia 8181881118111811118111188811, 8, 8 8818881111,1,11 18888118181118188888·

Imperatori· 8188118811, 8, 18 1188818- uim 81181118 18818181 mi 1, 18 1188881-
18118811888888818,1811818111 8811818188 188881888888111181 hominium 1811118
18811111 1111,1,8 1888181888 11111188 1111111 111 188 exemplo 8818111 811118·
,11111811881 Amynta 8188888818 818888181881811181 181881 inponam
18811111,1,11188118181188118818111818 88111,8,8

 

