Ι mm

&hh-mmmm 111111,,881111ι111111118111,1111
11111111,11111111111,1,11)118111. 11111111,8,811111111111111111,111-
ιέῐει11ωώ11111111(1111111, ,1111111)11111, 4,1 111111 ..1111111111111881 11181111·
· 8111111, 7,
8111111111ιὶιη481111111111,1,18 Αιιίιι111111,,88
Δ111111111111111ιι,7,18 Aninio 11,,,,4811811111418
11111111, 11 11111111 11118111 111,8, 18 111111
ΑΙ111181111111111111111111,1,1811· 11,8,1111111111 11,8.8.11,1,8111111·
u'tudininmimm 11,,71811181111111111111,8,8111111111111,18,8
ιοιι111111118111ι111,8,8 8111811111111,1,8.111,8,811111111
8111110111 1111111) 118, 8, 78111111. 1111111ρο 111818.11111,811111111
ΑΙ11111(11011111)11111,4, 18 11111111 ι111,88 11111111111111118
1111111118,8,11 18 111111111111111118,18. 111, 18
1111111 11111, 8 7 1111181111111111,8,811111111111111
81181111111111111181) 111, 18, 8 1,4,171111 mininffiimprhpa-
8111111811,1111111111111,,817 ι1111,,88111·111111·111111118111111·
11111118181ι11111188 11811111,8,18
1111111188111111111111·111,8, 18 81111111, 4, 8. 111, 8,8 11111,8,18
1111111111ιῆ1111911,1111111111111111111111,1,88.1111,8,7
(1111 111,11111111,1111111111, 1111111111 1111111111 11111111 11, 8,811111111,
818111111111111111)111,1, 11 ramam. 1111, 8,8, 1111, 8, 7
Δι1111181111ιιιίί,1,811111111111 Διω1ιιιιιιὶἰι,7,,8.ι118,8
18111187 111111 8, 4,4 11111111 Amor 811101111118111111111111
81111118 11 81111118 Alandrum 11111,7,18111111111111111111 1118
11111118881811111111111111111 11111111111881111111111111111
111811111111Η188111,8,8ι111111· 18,,8811111111111111111111181111181
wat '⁰ ,,,... ...,,, ,111111 .··1”·” Ρ·“’””··”’””
ouini 11111111 mast 1111, 4, 8 11111111 1111111 imbellem (111 181
ιίΙΙ1111111111 regin 11118111, 1111ι 111111 11111111)ι118,1111111.
·1111,18,8 1111 hiet 111111111111111111111,8,8
111111111181, 8,8. 1111, 81ρ1811111116111111111111111111,8,8
111111111111111 111, 8,18
Ι’1111ιί111 11111, 11111 111. 18111111 8111118111101111111 11 1111111111 11.
1111811118111111111111811111111188
’81111111111818181111111181111 ,11111111 11111,,44
hiep 1111111111).11111 1111111111 agn Λέἕῑοοξιξιιιὶιιρῆδιῖ 1111111 111111
u , ‚ .1111, ,8
,1181111111 1118 1111111111 1111, 8, 8 1111111111 reguum 1111111, 1181181111
ὠ111ω1111111118111111111111111, 8 8 Ρ11111111111,1,81111111111111111 tc·
Ambo 11,8,18 (1118111181 {liqut 1111, 8, 88 1111111911
ο’118111111111111111118111118118, 1111, 1,1 1111111111181 1191111111,
111111 (111111, 1111111111, 11111111) 1111818111 111111 genuum 1111811
11111,88,(11111111111111,8, 8. (11111. 1111111111, 8,8
18111111111111111, 111 11111111, 11111 ,1111111111111 11181, 8, 81111111
11111811, 8, 8111111, 8, 7. V· 1 811111111111111111191111111 1111
,811111111111111111881111101178,1111111111,8,8.1111,88
111111,,4 811 xii, 18, 8). ,1111111111- 111 1111116111 111111181111111, qun
181118 111111111181111111111111111· 1111111111 111111,1111181,1111111-
11111, 18, 41111111 111911 1111111 ιι- 11111)111,8,811111111ι.11111111111111
ὓὶῗέἶῗ 11,111.,’1ἶ’·ι.,’ῗ.··’·’· 111(1ῗ.1·11’,111’1,1’1111’.ἷ·11
81111111 11111 11111, 1,7 4 111 11111111 qum 11 biennii mn
111111111111111111111111111111 11118, 1181811111. 11111.)81111.
8 1111111111 1191 8811111111118 1111111 1111111111 1111111111,7,8ὦ1118811-
1118811111811111111111111111111 1111111111ηῶ1,’,’111,81111181)
111,8,8111111111111111111,8,8. 11111, 11111. 111111181111111,8,18
&emmenum-nm·- Αιιι111111111111111111111111111,8,

 

